London:
        [[[-0.5361212177371022, 51.51092216923208],
          [-0.5361212177371022, 51.43093865606385],
          [-0.3754461689089772, 51.43093865606385],
          [-0.3754461689089772, 51.51092216923208]]]
Frankfurt:
        [[[8.480211692003605, 50.08272166241441],
          [8.480211692003605, 49.987455982308646],
          [8.650499777941105, 49.987455982308646],
          [8.650499777941105, 50.08272166241441]]]
Paris:
        [[[2.4382495330616782, 49.06423459599084],
          [2.4382495330616782, 48.952083521231444],
          [2.6682757781788657, 48.952083521231444],
          [2.6682757781788657, 49.06423459599084]]]
Atlanta:
        [[[-84.48224230272244, 33.677463578920175],
          [-84.48224230272244, 33.59885918329149],
          [-84.38302202684353, 33.59885918329149],
          [-84.38302202684353, 33.677463578920175]]]